ATM_UUID=78fcf414-887d-4619-9cce-94e9d8713025
LATITUDE=37.547076399306
LONGITUDE=127.04020267241
